935
498
844
353
562
584
83
810
154
209
344
639
451
744
641
500
726
438
130
357
704
545
412
973
609
811
134
939
820
981
35
107
831
879
813
745
815
896
556
969
105
900
961
908
996
954
408
74
392
890
431
97
787
844
422
396
7
556
336
179
889
723
287
720
954
100
465
121
348
373
90
453
626
403
713
622
357
473
697
750
364
128
199
151
324
621
900
684
177
588
215
418
311
502
490
617
954
955
738
654
681
180
459
307
584
172
929
941
646
978
43
10
459
242
513
783
863
413
819
392
353
35
162
664
889
652
633
196
608
723
850
641
904
310
948
840
834
229
781
480
208
177
842
667
419
708
802
635
473
974
27
827
9
190
843
250
194
477
446
154
200
649
795
456
311
743
296
145
325
430
978
533
607
820
552
26
880
354
661
354
680
41
181
689
583
24
292
777
853
90
932
54
91
727
862
402
823
159
548
148
589
878
33
196
50
585
222
931
291
236
285
972
277
818
13
212
194
657
989
48
748
273
454
839
353
316
594
528
475
494
28
416
372
61
612
422
998
187
705
641
775
990
965
404
160
331
616
355
988
957
403
88
231
857
280
584
525
874
464
1
368
492
769
92
905
382
514
903
921
220
896
696
562
214
100
75
545
68
430
885
25
833
974
256
42
606
192
919
480
656
920
200
148
42
644
53
776
510
308
697
82
557
745
645
771
197
72
316
265
502
201
642
687
527
251
81
133
443
0
965
452
273
517
600
315
161
6
91
24
666
140
106
223
885
103
994
434
175
662
51
677
864
693
364
743
944
445
229
740
798
194
192
71
64
144
386
577
150
477
601
169
969
708
392
854
811
739
640
987
401
43
16
617
736
733
361
33
530
942
125
328
488
317
399
552
461
137
130
964
966
83
133
935
791
877
141
955
616
781
294
18
824
310
635
913
43
348
298
926
290
423
254
779
92
6
683
553
143
165
869
110
249
354
45
392
232
187
347
848
320
641
218
497
304
854
762
699
554
60
625
845
835
232
976
927
238
659
832
381
825
54
843
426
408
241
818
640
428
166
841
100
159
59
949
815
265
711
515
820
123
492
17
958
724
345
237
962
4
422
696
181
476
539
959
884
780
778
877
560
296
70
13
807
129
962
623
395
674
138
567
